-77.057182
-62.030704
-34.947811
-51.700134
-58.311192
-61.608547
-57.392689
-45.389263
-48.862461
-53.300587
-57.633221
-58.898579
-60.833008
-43.203079
-54.519894
-58.112301
-60.135353
-58.666603
-62.179363
-60.028957
-64.206657
-63.089966
-63.925293
-62.439133
-62.668499
-60.244072
-62.041286
-62.813278
-62.284470
-67.156517
-65.552834
-66.151550
-66.321785
-67.047180
-66.826073
-65.903748
-67.516754
-67.550850
-66.055595
-66.708389
-68.195457
-66.252121
-65.096634
-65.583992
-66.636719
-69.455200
-65.492065
-66.428650
-65.274925
-66.695259
-66.597397
-68.047676
-65.900009
-67.126411
-66.874916
-42.454517
-35.097359
-39.879520
-46.538197
-46.721340
-47.137665
-48.752819
-54.311115
-22.678318
-14.313599
-15.873627
-14.852051
-13.818482
-14.876340
-14.285330
-14.508830
-15.446701
-14.857576
-14.281809
-14.280628
-13.116274
-13.614242
-13.252501
-13.453350
-13.850327
-14.741893
-16.699772
-16.287003
-15.930808
-16.283863
-15.662723
-15.628119
-16.722763
-17.212528
-20.396971
-26.901413
-26.317995
-26.082380
-30.730782
-30.271391
-35.108921
-41.909382
-41.804321
-32.217564
-20.536676
-17.518919
-15.767767
-17.210890
-16.307810
-15.282372
-15.612291
-17.354294
-20.348753
-19.689331
-20.795572
-21.301332
-21.644255
-22.169811
-24.455408
-25.423937
-25.758234
-27.002773
-27.888561
-25.596794
-25.805420
-29.190016
-36.013016
-36.585781
-37.865044
-41.166519
-44.028999
-45.370964
-47.672657
-50.644966
-51.401039
-56.313042
-62.126781
-62.398762
-63.454437
-64.381058
-66.104385
-67.765182
-65.610779
-66.068657
-65.664665
-67.500938
-67.408096
-66.405060
-65.928619
-64.756470
-66.559685
-66.782951
-67.903664
-64.344612
-64.950127
-65.822899
-65.059036
-63.334633
-64.366180
-63.836575
-65.716957
-63.637974
-64.414948
-64.626396
-64.143326
-65.239128
-65.788544
-66.372589
-65.014938
-67.278526
-66.578842
-63.247318
-66.295319
-63.282433
-64.817513
-63.791435
-63.142288
-64.233780
-64.612259
-64.454041
-63.978672
-66.178200
-65.512436
-66.765152
-66.403839
-64.758209
-64.380157
-65.195511
-59.004555
-37.985046
-21.882902
-21.100418
-22.509077
-23.226801
-24.298172
-23.211946
-22.083057
-22.152512
-21.493675
-20.662630
-19.090902
-15.888721
-12.862489
-9.760942
-8.701692
-9.569674
-9.642507
-9.633258
-9.706344
-9.142014
-9.070767
-7.947756
-7.533768
-10.223447
-12.725971
-12.037713
-13.726741
-16.350595
-15.372840
-13.976502
-17.480343
-20.635597
-21.281414
-22.046951
-24.041309
-25.867180
-25.724451
-25.484980
-24.293255
-22.464520
-20.534937
-19.765232
-20.673918
-21.894714
-22.636621
-21.174570
-20.836088
-21.004818
-20.684048
-21.697964
-22.821354
-23.794750
-25.708019
-27.549234
-28.908636
-29.899765
-28.652130
-27.841434
-27.365625
-27.054237
-27.582237
-30.091270
-32.945477
-36.148289
-38.300236
-41.132675
-44.088615
-47.708954
-47.676983
-51.030582
-55.044960
-55.807171
-59.080475
-64.786194
-67.422874
-64.849823
-64.840408
-66.419998
-63.130161
-65.311783
-63.847965
-62.943340
-61.269592
-65.477676
-66.291870
-66.604561
-65.192421
-66.565758
-67.151917
-64.319862
-66.820717
-66.098824
-67.090042
-66.597626
-66.635788
-67.259521
-67.346870
-65.476692
-64.336639
-65.024330
-68.119705
-65.869820
-66.827774
-64.184669
-65.649971
-66.224159
-67.303856
-66.521729
-65.026505
-67.223221
-64.734306
-65.222527
-66.391052
-65.970703
-66.299950
-65.662056
-67.287857
-65.694481
-65.241074
-66.808701
-66.836189
-64.422989
-65.965408
-67.023804
-65.239304
-66.363937
-37.400772
-21.577051
-16.827141
-15.382055
-13.638099
-12.827648
-13.334335
-13.451257
-12.593922
-13.574438
-13.830969
-12.850114
-14.098461
-14.604631
-14.869495
-17.625406
-16.791910
-16.346054
-17.482000
-18.803181
-19.875113
-20.965420
-19.809052
-17.814857
-14.478812
-13.786839
-16.559067
-18.837816
-19.692472
-19.997416
-22.113262
-22.681648
-24.012278
-24.638493
-26.621965
-30.088202
-36.407146
-42.849831
-47.860622
-47.561470
-48.643749
-51.648140
-52.492531
-54.816757
-57.837524
-61.736504
-36.789085
-37.774818
-25.863569
-17.595949
-15.254023
-16.629265
-15.915550
-15.878498
-16.174934
-19.564127
-23.619692
-27.704493
-35.162323
-36.207069
-40.217930
-42.504265
-44.384361
-47.164402
-43.977520
-44.247299
-51.087620
-36.441769
-24.458204
-18.178905
-16.132854
-16.019079
-15.357300
-15.003710
-16.987926
-19.865147
-19.648043
-21.008377
-19.704439
-19.528952
-20.620935
-20.259624
-20.781372
-21.892313
-23.491045
-23.721230
-24.012072
-25.489227
-25.593307
-25.482876
-26.694267
-27.082439
-27.645643
-27.431734
-27.831512
-28.787500
-30.955116
-35.716373
-37.663185
-39.532776
-42.531342
-45.167156
-48.031982
-50.022190
-51.103390
-53.693321
-53.574135
-57.276039
-64.400444
-63.388687
-65.960220
-64.697983
-66.081154
-65.458267
-66.028053
-64.953682
-66.516396
-67.815178
-66.644768
-66.347771
-63.566818
-65.207153
-65.465912
-66.443451
-65.259872
-64.626686
-66.387199
-66.090080
-67.339058
-67.145760
-67.669678
-64.464912
-65.898239
-66.196068
-69.868500
-68.109222
-65.423225
-66.491196
-67.001564
-67.314201
-67.079056
-68.117249
-66.931160
-67.427902
-64.944679
-65.115891
-66.234451
-66.291977
-67.912720
-68.404808
-66.973137
-67.147720
-66.914734
-65.814407
-43.233158
-25.813986
-31.198576
-24.969246
-17.401314
-16.475655
-15.570539
-15.635226
-15.153548
-14.588625
-14.792892
-15.923459
-16.736826
-15.427837
-13.696220
-13.614925
-13.406632
-12.457328
-13.297323
-14.880340
-16.565018
-12.921762
-11.784777
-12.147897
-12.824304
-13.583585
-14.314085
-16.202730
-17.539469
-22.697834
-28.895926
-37.615692
-38.775181
-40.565105
-41.594772
-41.530899
-42.032417
-43.426628
-47.706879
-49.981289
-53.276505
-55.845142
-55.510376
-59.946453
-61.324387
-60.554077
-63.529568
-64.602547
-46.608311
-42.592308
-22.959541
-16.609846
-15.742119
-16.443333
-17.608906
-17.395061
-16.916214
-15.730115
-15.755181
-16.157045
-14.854022
-14.549088
-14.445911
-13.366318
-12.775660
-12.348235
-13.139151
-14.239914
-15.657294
-17.725302
-19.096973
-19.502535
-19.564957
-21.424036
-21.835712
-23.545776
-24.805378
-27.469158
-35.433018
-42.949932
-42.224636
-46.550404
-49.467480
-40.062832
-44.976364
-50.148228
-55.816231
-56.302864
-58.478474
-60.541344
-62.218414
-64.618408
-65.062767
-62.551849
-63.509159
-63.516479
-62.592342
-62.063065
-65.494125
-65.389954
-66.416451
-66.929665
-64.784142
-68.018265
-66.130440
-66.296394
-66.242638
-64.610947
-65.622482
-65.474281
-66.102844
-66.319839
-67.633759
-66.385880
-67.175339
-64.565865
-68.754883
-65.313759
-67.364609
-67.442612
-65.603058
-66.507568
-67.030685
-67.456665
-66.912994
-66.467484
-65.208832
-66.565063
-65.111458
-66.701050
-67.714554
-65.963509
-67.129669
-64.364937
-66.297150
-64.837097
-66.446686
-64.424812
-66.432877
-66.507790
-65.985519
-66.157806
-66.810638
-67.167168
-67.985077
-67.827888
-67.207779
-66.956802
-64.684807
-66.399757
-66.528427
-68.115936
-66.248177
-67.265167
-67.938904
-66.647224
-62.302086
-58.707203
-62.897038
-64.995407
-68.419189
-66.039619
-66.077049
-67.702919
-67.628777
-66.734772
-65.191422
-68.047028
-67.864677
-67.224289
-66.550308
-66.228508
-66.059975
-67.824974
-67.738518
-67.823441
-66.317131
-66.300598
-66.583557
-65.756935
-67.627022
