301.886780
100.628929
251.572327
855.345886
805.031433
654.088074
805.031433
603.773560
603.773560
603.773560
452.830200
553.459106
553.459106
402.515717
503.144653
452.830200
503.144653
452.830200
402.515717
654.088074
754.716980
553.459106
805.031433
955.974854
1106.918213
805.031433
805.031433
1207.547119
905.660400
1006.289307
805.031433
654.088074
553.459106
704.402527
905.660400
503.144653
1006.289307
603.773560
654.088074
452.830200
754.716980
855.345886
603.773560
452.830200
905.660400
805.031433
654.088074
654.088074
402.515717
1056.603760
805.031433
352.201263
503.144653
704.402527
805.031433
654.088074
352.201263
352.201263
402.515717
301.886780
352.201263
150.943390
201.257858
1056.603760
1056.603760
1006.289307
1106.918213
1157.232666
1157.232666
1157.232666
1157.232666
1006.289307
1006.289307
855.345886
855.345886
955.974854
754.716980
654.088074
754.716980
704.402527
553.459106
352.201263
251.572327
201.257858
251.572327
251.572327
251.572327
201.257858
251.572327
150.943390
201.257858
251.572327
201.257858
201.257858
201.257858
251.572327
201.257858
251.572327
251.572327
251.572327
553.459106
704.402527
553.459106
704.402527
704.402527
905.660400
754.716980
905.660400
1056.603760
805.031433
805.031433
905.660400
805.031433
955.974854
603.773560
553.459106
503.144653
201.257858
150.943390
150.943390
201.257858
201.257858
251.572327
201.257858
452.830200
301.886780
301.886780
352.201263
402.515717
301.886780
150.943390
603.773560
503.144653
603.773560
402.515717
754.716980
855.345886
553.459106
553.459106
603.773560
452.830200
855.345886
654.088074
352.201263
503.144653
855.345886
754.716980
805.031433
603.773560
704.402527
905.660400
704.402527
754.716980
654.088074
654.088074
955.974854
654.088074
855.345886
905.660400
855.345886
955.974854
805.031433
503.144653
805.031433
905.660400
855.345886
503.144653
805.031433
654.088074
754.716980
553.459106
654.088074
704.402527
553.459106
704.402527
452.830200
553.459106
704.402527
553.459106
855.345886
603.773560
603.773560
704.402527
855.345886
251.572327
251.572327
251.572327
251.572327
201.257858
402.515717
402.515717
503.144653
553.459106
553.459106
553.459106
704.402527
654.088074
754.716980
855.345886
905.660400
955.974854
855.345886
855.345886
855.345886
955.974854
855.345886
855.345886
855.345886
905.660400
654.088074
654.088074
603.773560
704.402527
452.830200
402.515717
452.830200
402.515717
402.515717
402.515717
201.257858
201.257858
201.257858
201.257858
251.572327
402.515717
402.515717
402.515717
553.459106
402.515717
503.144653
805.031433
452.830200
402.515717
251.572327
402.515717
150.943390
201.257858
150.943390
201.257858
150.943390
301.886780
150.943390
150.943390
201.257858
251.572327
201.257858
201.257858
201.257858
150.943390
201.257858
150.943390
201.257858
201.257858
150.943390
201.257858
201.257858
201.257858
201.257858
603.773560
452.830200
503.144653
452.830200
553.459106
503.144653
503.144653
452.830200
201.257858
603.773560
352.201263
704.402527
704.402527
402.515717
603.773560
704.402527
654.088074
603.773560
251.572327
603.773560
503.144653
654.088074
855.345886
905.660400
553.459106
503.144653
805.031433
603.773560
553.459106
654.088074
251.572327
503.144653
603.773560
352.201263
704.402527
754.716980
603.773560
402.515717
855.345886
452.830200
452.830200
553.459106
704.402527
905.660400
654.088074
704.402527
553.459106
654.088074
301.886780
704.402527
654.088074
905.660400
704.402527
805.031433
553.459106
654.088074
855.345886
654.088074
704.402527
654.088074
704.402527
754.716980
654.088074
704.402527
704.402527
654.088074
704.402527
754.716980
452.830200
503.144653
553.459106
452.830200
503.144653
402.515717
452.830200
402.515717
503.144653
654.088074
805.031433
955.974854
855.345886
754.716980
754.716980
553.459106
352.201263
452.830200
301.886780
201.257858
201.257858
452.830200
704.402527
553.459106
603.773560
654.088074
654.088074
654.088074
754.716980
654.088074
503.144653
1459.119507
1358.490601
352.201263
452.830200
301.886780
251.572327
251.572327
603.773560
352.201263
251.572327
251.572327
251.572327
352.201263
251.572327
301.886780
251.572327
251.572327
503.144653
452.830200
503.144653
503.144653
955.974854
452.830200
704.402527
654.088074
905.660400
855.345886
754.716980
805.031433
654.088074
553.459106
654.088074
805.031433
905.660400
754.716980
754.716980
654.088074
452.830200
301.886780
201.257858
100.628929
150.943390
150.943390
150.943390
201.257858
150.943390
201.257858
150.943390
201.257858
201.257858
150.943390
201.257858
201.257858
150.943390
201.257858
201.257858
150.943390
201.257858
201.257858
150.943390
201.257858
100.628929
452.830200
603.773560
452.830200
503.144653
754.716980
553.459106
654.088074
754.716980
654.088074
754.716980
452.830200
503.144653
503.144653
553.459106
452.830200
553.459106
503.144653
704.402527
805.031433
503.144653
754.716980
654.088074
603.773560
654.088074
704.402527
452.830200
955.974854
754.716980
452.830200
402.515717
704.402527
603.773560
553.459106
654.088074
603.773560
754.716980
704.402527
654.088074
503.144653
805.031433
553.459106
805.031433
603.773560
704.402527
855.345886
603.773560
553.459106
1006.289307
905.660400
301.886780
452.830200
603.773560
654.088074
704.402527
754.716980
654.088074
452.830200
553.459106
251.572327
251.572327
301.886780
251.572327
301.886780
251.572327
301.886780
301.886780
553.459106
603.773560
704.402527
654.088074
955.974854
905.660400
855.345886
654.088074
754.716980
654.088074
452.830200
855.345886
1006.289307
1106.918213
1056.603760
704.402527
805.031433
1157.232666
855.345886
503.144653
704.402527
1006.289307
754.716980
553.459106
603.773560
603.773560
704.402527
603.773560
654.088074
553.459106
301.886780
553.459106
603.773560
704.402527
955.974854
905.660400
905.660400
905.660400
905.660400
955.974854
905.660400
905.660400
905.660400
905.660400
905.660400
855.345886
905.660400
905.660400
754.716980
754.716980
603.773560
603.773560
603.773560
603.773560
603.773560
402.515717
201.257858
301.886780
402.515717
603.773560
553.459106
805.031433
805.031433
905.660400
805.031433
754.716980
955.974854
603.773560
704.402527
805.031433
1157.232666
1006.289307
1056.603760
654.088074
1157.232666
1006.289307
1006.289307
704.402527
553.459106
553.459106
754.716980
754.716980
704.402527
553.459106
754.716980
805.031433
754.716980
754.716980
503.144653
503.144653
553.459106
704.402527
905.660400
855.345886
452.830200
452.830200
754.716980
805.031433
905.660400
754.716980
855.345886
805.031433
553.459106
754.716980
452.830200
603.773560
402.515717
503.144653
452.830200
754.716980
654.088074
402.515717
452.830200
603.773560
654.088074
754.716980
704.402527
452.830200
805.031433
704.402527
754.716980
805.031433
452.830200
704.402527
452.830200
955.974854
955.974854
905.660400
503.144653
905.660400
654.088074
855.345886
905.660400
553.459106
855.345886
704.402527
1006.289307
251.572327
201.257858
402.515717
352.201263
855.345886
754.716980
654.088074
503.144653
301.886780
654.088074
553.459106
805.031433
855.345886
1006.289307
754.716980
654.088074
855.345886
603.773560
654.088074
452.830200
855.345886
553.459106
654.088074
654.088074
